01001000 01100001 01100011 01101011
01000111 01101111 01100010 01101100 01101111 01101011
01011010 01100001 01101101 01111010 01111010 01111010
01000100 01100101 01110111 01100001 00100000 01010011
01101000 01100001 01100100 01101111 01110111
01001011 01101001 01101100 01101100 00100000 01010111
01101001 01000110 01101001 00100000 01000111 01100001
01110011 01101011 01100101 01110101 01101110
01000111 01101111 01100010 01101100 01101111 01101011
00100000 01000001 01100011 01110100 01101001 01110110
01100001 01110100 01100101 01100100